0000000              2048            2049            2050            2051
0000020              2052            2053            2054            2055
0000040              2056            2057            2058            2059
0000060              2060            2061            2062            2063
0000100              2064            2065            2066            2067
0000120              2068            2069            2070            2071
0000140              2072            2073            2074            2075
0000160              2076            2077            2078            2079
0000200              2080            2081            2082            2083
0000220              2084            2085            2086            2087
0000240              2088            2089            2090            2091
0000260              2092            2093            2094            2095
0000300              2096            2097            2098            2099
0000320              2100            2101            2102            2103
0000340              2104            2105            2106            2107
0000360              2108            2109            2110            2111
0000400              2112            2113            2114            2115
0000420              2116            2117            2118            2119
0000440              2120            2121            2122            2123
0000460              2124            2125            2126            2127
0000500              2128            2129            2130            2131
0000520              2132            2133            2134            2135
0000540              2136            2137            2138            2139
0000560              2140            2141            2142            2143
0000600              2144            2145            2146            2147
0000620              2148            2149            2150            2151
0000640              2152            2153            2154            2155
0000660              2156            2157            2158            2159
0000700              2160            2161            2162            2163
0000720              2164            2165            2166            2167
0000740              2168            2169            2170            2171
0000760              2172            2173            2174            2175
0001000              2176            2177            2178            2179
0001020              2180            2181            2182            2183
0001040              2184            2185            2186            2187
0001060              2188            2189            2190            2191
0001100              2192            2193            2194            2195
0001120              2196            2197            2198            2199
0001140              2200            2201            2202            2203
0001160              2204            2205            2206            2207
0001200              2208            2209            2210            2211
0001220              2212            2213            2214            2215
0001240              2216            2217            2218            2219
0001260              2220            2221            2222            2223
0001300              2224            2225            2226            2227
0001320              2228            2229            2230            2231
0001340              2232            2233            2234            2235
0001360              2236            2237            2238            2239
0001400              2240            2241            2242            2243
0001420              2244            2245            2246            2247
0001440              2248            2249            2250            2251
0001460              2252            2253            2254            2255
0001500              2256            2257            2258            2259
0001520              2260            2261            2262            2263
0001540              2264            2265            2266            2267
0001560              2268            2269            2270            2271
0001600              2272            2273            2274            2275
0001620              2276            2277            2278            2279
0001640              2280            2281            2282            2283
0001660              2284            2285            2286            2287
0001700              2288            2289            2290            2291
0001720              2292            2293            2294            2295
0001740              2296            2297            2298            2299
0001760              2300            2301            2302            2303
0002000              2304            2305            2306            2307
0002020              2308            2309            2310            2311
0002040              2312            2313            2314            2315
0002060              2316            2317            2318            2319
0002100              2320            2321            2322            2323
0002120              2324            2325            2326            2327
0002140              2328            2329            2330            2331
0002160              2332            2333            2334            2335
0002200              2336            2337            2338            2339
0002220              2340            2341            2342            2343
0002240              2344            2345            2346            2347
0002260              2348            2349            2350            2351
0002300              2352            2353            2354            2355
0002320              2356            2357            2358            2359
0002340              2360            2361            2362            2363
0002360              2364            2365            2366            2367
0002400              2368            2369            2370            2371
0002420              2372            2373            2374            2375
0002440              2376            2377            2378            2379
0002460              2380            2381            2382            2383
0002500              2384            2385            2386            2387
0002520              2388            2389            2390            2391
0002540              2392            2393            2394            2395
0002560              2396            2397            2398            2399
0002600              2400            2401            2402            2403
0002620              2404            2405            2406            2407
0002640              2408            2409            2410            2411
0002660              2412            2413            2414            2415
0002700              2416            2417            2418            2419
0002720              2420            2421            2422            2423
0002740              2424            2425            2426            2427
0002760              2428            2429            2430            2431
0003000              2432            2433            2434            2435
0003020              2436            2437            2438            2439
0003040              2440            2441            2442            2443
0003060              2444            2445            2446            2447
0003100              2448            2449            2450            2451
0003120              2452            2453            2454            2455
0003140              2456            2457            2458            2459
0003160              2460            2461            2462            2463
0003200              2464            2465            2466            2467
0003220              2468            2469            2470            2471
0003240              2472            2473            2474            2475
0003260              2476            2477            2478            2479
0003300              2480            2481            2482            2483
0003320              2484            2485            2486            2487
0003340              2488            2489            2490            2491
0003360              2492            2493            2494            2495
0003400              2496            2497            2498            2499
0003420              2500            2501            2502            2503
0003440              2504            2505            2506            2507
0003460              2508            2509            2510            2511
0003500              2512            2513            2514            2515
0003520              2516            2517            2518            2519
0003540              2520            2521            2522            2523
0003560              2524            2525            2526            2527
0003600              2528            2529            2530            2531
0003620              2532            2533            2534            2535
0003640              2536            2537            2538            2539
0003660              2540            2541            2542            2543
0003700              2544            2545            2546            2547
0003720              2548            2549            2550            2551
0003740              2552            2553            2554            2555
0003760              2556            2557            2558            2559
0004000              2560            2561            2562            2563
0004020              2564            2565            2566            2567
0004040              2568            2569            2570            2571
0004060              2572            2573            2574            2575
0004100              2576            2577            2578            2579
0004120              2580            2581            2582            2583
0004140              2584            2585            2586            2587
0004160              2588            2589            2590            2591
0004200              2592            2593            2594            2595
0004220              2596            2597            2598            2599
0004240              2600            2601            2602            2603
0004260              2604            2605            2606            2607
0004300              2608            2609            2610            2611
0004320              2612            2613            2614            2615
0004340              2616            2617            2618            2619
0004360              2620            2621            2622            2623
0004400              2624            2625            2626            2627
0004420              2628            2629            2630            2631
0004440              2632            2633            2634            2635
0004460              2636            2637            2638            2639
0004500              2640            2641            2642            2643
0004520              2644            2645            2646            2647
0004540              2648            2649            2650            2651
0004560              2652            2653            2654            2655
0004600              2656            2657            2658            2659
0004620              2660            2661            2662            2663
0004640              2664            2665            2666            2667
0004660              2668            2669            2670            2671
0004700              2672            2673            2674            2675
0004720              2676            2677            2678            2679
0004740              2680            2681            2682            2683
0004760              2684            2685            2686            2687
0005000              2688            2689            2690            2691
0005020              2692            2693            2694            2695
0005040              2696            2697            2698            2699
0005060              2700            2701            2702            2703
0005100              2704            2705            2706            2707
0005120              2708            2709            2710            2711
0005140              2712            2713            2714            2715
0005160              2716            2717            2718            2719
0005200              2720            2721            2722            2723
0005220              2724            2725            2726            2727
0005240              2728            2729            2730            2731
0005260              2732            2733            2734            2735
0005300              2736            2737            2738            2739
0005320              2740            2741            2742            2743
0005340              2744            2745            2746            2747
0005360              2748            2749            2750            2751
0005400              2752            2753            2754            2755
0005420              2756            2757            2758            2759
0005440              2760            2761            2762            2763
0005460              2764            2765            2766            2767
0005500              2768            2769            2770            2771
0005520              2772            2773            2774            2775
0005540              2776            2777            2778            2779
0005560              2780            2781            2782            2783
0005600              2784            2785            2786            2787
0005620              2788            2789            2790            2791
0005640              2792            2793            2794            2795
0005660              2796            2797            2798            2799
0005700              2800            2801            2802            2803
0005720              2804            2805            2806            2807
0005740              2808            2809            2810            2811
0005760              2812            2813            2814            2815
0006000              2816            2817            2818            2819
0006020              2820            2821            2822            2823
0006040              2824            2825            2826            2827
0006060              2828            2829            2830            2831
0006100              2832            2833            2834            2835
0006120              2836            2837            2838            2839
0006140              2840            2841            2842            2843
0006160              2844            2845            2846            2847
0006200              2848            2849            2850            2851
0006220              2852            2853            2854            2855
0006240              2856            2857            2858            2859
0006260              2860            2861            2862            2863
0006300              2864            2865            2866            2867
0006320              2868            2869            2870            2871
0006340              2872            2873            2874            2875
0006360              2876            2877            2878            2879
0006400              2880            2881            2882            2883
0006420              2884            2885            2886            2887
0006440              2888            2889            2890            2891
0006460              2892            2893            2894            2895
0006500              2896            2897            2898            2899
0006520              2900            2901            2902            2903
0006540              2904            2905            2906            2907
0006560              2908            2909            2910            2911
0006600              2912            2913            2914            2915
0006620              2916            2917            2918            2919
0006640              2920            2921            2922            2923
0006660              2924            2925            2926            2927
0006700              2928            2929            2930            2931
0006720              2932            2933            2934            2935
0006740              2936            2937            2938            2939
0006760              2940            2941            2942            2943
0007000              2944            2945            2946            2947
0007020              2948            2949            2950            2951
0007040              2952            2953            2954            2955
0007060              2956            2957            2958            2959
0007100              2960            2961            2962            2963
0007120              2964            2965            2966            2967
0007140              2968            2969            2970            2971
0007160              2972            2973            2974            2975
0007200              2976            2977            2978            2979
0007220              2980            2981            2982            2983
0007240              2984            2985            2986            2987
0007260              2988            2989            2990            2991
0007300              2992            2993            2994            2995
0007320              2996            2997            2998            2999
0007340              3000            3001            3002            3003
0007360              3004            3005            3006            3007
0007400              3008            3009            3010            3011
0007420              3012            3013            3014            3015
0007440              3016            3017            3018            3019
0007460              3020            3021            3022            3023
0007500              3024            3025            3026            3027
0007520              3028            3029            3030            3031
0007540              3032            3033            3034            3035
0007560              3036            3037            3038            3039
0007600              3040            3041            3042            3043
0007620              3044            3045            3046            3047
0007640              3048            3049            3050            3051
0007660              3052            3053            3054            3055
0007700              3056            3057            3058            3059
0007720              3060            3061            3062            3063
0007740              3064            3065            3066            3067
0007760              3068            3069            3070            3071
0010000              3072            3073            3074            3075
0010020              3076            3077            3078            3079
0010040              3080            3081            3082            3083
0010060              3084            3085            3086            3087
0010100              3088            3089            3090            3091
0010120              3092            3093            3094            3095
0010140              3096            3097            3098            3099
0010160              3100            3101            3102            3103
0010200              3104            3105            3106            3107
0010220              3108            3109            3110            3111
0010240              3112            3113            3114            3115
0010260              3116            3117            3118            3119
0010300              3120            3121            3122            3123
0010320              3124            3125            3126            3127
0010340              3128            3129            3130            3131
0010360              3132            3133            3134            3135
0010400              3136            3137            3138            3139
0010420              3140            3141            3142            3143
0010440              3144            3145            3146            3147
0010460              3148            3149            3150            3151
0010500              3152            3153            3154            3155
0010520              3156            3157            3158            3159
0010540              3160            3161            3162            3163
0010560              3164            3165            3166            3167
0010600              3168            3169            3170            3171
0010620              3172            3173            3174            3175
0010640              3176            3177            3178            3179
0010660              3180            3181            3182            3183
0010700              3184            3185            3186            3187
0010720              3188            3189            3190            3191
0010740              3192            3193            3194            3195
0010760              3196            3197            3198            3199
0011000              3200            3201            3202            3203
0011020              3204            3205            3206            3207
0011040              3208            3209            3210            3211
0011060              3212            3213            3214            3215
0011100              3216            3217            3218            3219
0011120              3220            3221            3222            3223
0011140              3224            3225            3226            3227
0011160              3228            3229            3230            3231
0011200              3232            3233            3234            3235
0011220              3236            3237            3238            3239
0011240              3240            3241            3242            3243
0011260              3244            3245            3246            3247
0011300              3248            3249            3250            3251
0011320              3252            3253            3254            3255
0011340              3256            3257            3258            3259
0011360              3260            3261            3262            3263
0011400              3264            3265            3266            3267
0011420              3268            3269            3270            3271
0011440              3272            3273            3274            3275
0011460              3276            3277            3278            3279
0011500              3280            3281            3282            3283
0011520              3284            3285            3286            3287
0011540              3288            3289            3290            3291
0011560              3292            3293            3294            3295
0011600              3296            3297            3298            3299
0011620              3300            3301            3302            3303
0011640              3304            3305            3306            3307
0011660              3308            3309            3310            3311
0011700              3312            3313            3314            3315
0011720              3316            3317            3318            3319
0011740              3320            3321            3322            3323
0011760              3324            3325            3326            3327
0012000              3328            3329            3330            3331
0012020              3332            3333            3334            3335
0012040              3336            3337            3338            3339
0012060              3340            3341            3342            3343
0012100              3344            3345            3346            3347
0012120              3348            3349            3350            3351
0012140              3352            3353            3354            3355
0012160              3356            3357            3358            3359
0012200              3360            3361            3362            3363
0012220              3364            3365            3366            3367
0012240              3368            3369            3370            3371
0012260              3372            3373            3374            3375
0012300              3376            3377            3378            3379
0012320              3380            3381            3382            3383
0012340              3384            3385            3386            3387
0012360              3388            3389            3390            3391
0012400              3392            3393            3394            3395
0012420              3396            3397            3398            3399
0012440              3400            3401            3402            3403
0012460              3404            3405            3406            3407
0012500              3408            3409            3410            3411
0012520              3412            3413            3414            3415
0012540              3416            3417            3418            3419
0012560              3420            3421            3422            3423
0012600              3424            3425            3426            3427
0012620              3428            3429            3430            3431
0012640              3432            3433            3434            3435
0012660              3436            3437            3438            3439
0012700              3440            3441            3442            3443
0012720              3444            3445            3446            3447
0012740              3448            3449            3450            3451
0012760              3452            3453            3454            3455
0013000              3456            3457            3458            3459
0013020              3460            3461            3462            3463
0013040              3464            3465            3466            3467
0013060              3468            3469            3470            3471
0013100              3472            3473            3474            3475
0013120              3476            3477            3478            3479
0013140              3480            3481            3482            3483
0013160              3484            3485            3486            3487
0013200              3488            3489            3490            3491
0013220              3492            3493            3494            3495
0013240              3496            3497            3498            3499
0013260              3500            3501            3502            3503
0013300              3504            3505            3506            3507
0013320              3508            3509            3510            3511
0013340              3512            3513            3514            3515
0013360              3516            3517            3518            3519
0013400              3520            3521            3522            3523
0013420              3524            3525            3526            3527
0013440              3528            3529            3530            3531
0013460              3532            3533            3534            3535
0013500              3536            3537            3538            3539
0013520              3540            3541            3542            3543
0013540              3544            3545            3546            3547
0013560              3548            3549            3550            3551
0013600              3552            3553            3554            3555
0013620              3556            3557            3558            3559
0013640              3560            3561            3562            3563
0013660              3564            3565            3566            3567
0013700              3568            3569            3570            3571
0013720              3572            3573            3574            3575
0013740              3576            3577            3578            3579
0013760              3580            3581            3582            3583
0014000              3584            3585            3586            3587
0014020              3588            3589            3590            3591
0014040              3592            3593            3594            3595
0014060              3596            3597            3598            3599
0014100              3600            3601            3602            3603
0014120              3604            3605            3606            3607
0014140              3608            3609            3610            3611
0014160              3612            3613            3614            3615
0014200              3616            3617            3618            3619
0014220              3620            3621            3622            3623
0014240              3624            3625            3626            3627
0014260              3628            3629            3630            3631
0014300              3632            3633            3634            3635
0014320              3636            3637            3638            3639
0014340              3640            3641            3642            3643
0014360              3644            3645            3646            3647
0014400              3648            3649            3650            3651
0014420              3652            3653            3654            3655
0014440              3656            3657            3658            3659
0014460              3660            3661            3662            3663
0014500              3664            3665            3666            3667
0014520              3668            3669            3670            3671
0014540              3672            3673            3674            3675
0014560              3676            3677            3678            3679
0014600              3680            3681            3682            3683
0014620              3684            3685            3686            3687
0014640              3688            3689            3690            3691
0014660              3692            3693            3694            3695
0014700              3696            3697            3698            3699
0014720              3700            3701            3702            3703
0014740              3704            3705            3706            3707
0014760              3708            3709            3710            3711
0015000              3712            3713            3714            3715
0015020              3716            3717            3718            3719
0015040              3720            3721            3722            3723
0015060              3724            3725            3726            3727
0015100              3728            3729            3730            3731
0015120              3732            3733            3734            3735
0015140              3736            3737            3738            3739
0015160              3740            3741            3742            3743
0015200              3744            3745            3746            3747
0015220              3748            3749            3750            3751
0015240              3752            3753            3754            3755
0015260              3756            3757            3758            3759
0015300              3760            3761            3762            3763
0015320              3764            3765            3766            3767
0015340              3768            3769            3770            3771
0015360              3772            3773            3774            3775
0015400              3776            3777            3778            3779
0015420              3780            3781            3782            3783
0015440              3784            3785            3786            3787
0015460              3788            3789            3790            3791
0015500              3792            3793            3794            3795
0015520              3796            3797            3798            3799
0015540              3800            3801            3802            3803
0015560              3804            3805            3806            3807
0015600              3808            3809            3810            3811
0015620              3812            3813            3814            3815
0015640              3816            3817            3818            3819
0015660              3820            3821            3822            3823
0015700              3824            3825            3826            3827
0015720              3828            3829            3830            3831
0015740              3832            3833            3834            3835
0015760              3836            3837            3838            3839
0016000              3840            3841            3842            3843
0016020              3844            3845            3846            3847
0016040              3848            3849            3850            3851
0016060              3852            3853            3854            3855
0016100              3856            3857            3858            3859
0016120              3860            3861            3862            3863
0016140              3864            3865            3866            3867
0016160              3868            3869            3870            3871
0016200              3872            3873            3874            3875
0016220              3876            3877            3878            3879
0016240              3880            3881            3882            3883
0016260              3884            3885            3886            3887
0016300              3888            3889            3890            3891
0016320              3892            3893            3894            3895
0016340              3896            3897            3898            3899
0016360              3900            3901            3902            3903
0016400              3904            3905            3906            3907
0016420              3908            3909            3910            3911
0016440              3912            3913            3914            3915
0016460              3916            3917            3918            3919
0016500              3920            3921            3922            3923
0016520              3924            3925            3926            3927
0016540              3928            3929            3930            3931
0016560              3932            3933            3934            3935
0016600              3936            3937            3938            3939
0016620              3940            3941            3942            3943
0016640              3944            3945            3946            3947
0016660              3948            3949            3950            3951
0016700              3952            3953            3954            3955
0016720              3956            3957            3958            3959
0016740              3960            3961            3962            3963
0016760              3964            3965            3966            3967
0017000              3968            3969            3970            3971
0017020              3972            3973            3974            3975
0017040              3976            3977            3978            3979
0017060              3980            3981            3982            3983
0017100              3984            3985            3986            3987
0017120              3988            3989            3990            3991
0017140              3992            3993            3994            3995
0017160              3996            3997            3998            3999
0017200              4000            4001            4002            4003
0017220              4004            4005            4006            4007
0017240              4008            4009            4010            4011
0017260              4012            4013            4014            4015
0017300              4016            4017            4018            4019
0017320              4020            4021            4022            4023
0017340              4024            4025            4026            4027
0017360              4028            4029            4030            4031
0017400              4032            4033            4034            4035
0017420              4036            4037            4038            4039
0017440              4040            4041            4042            4043
0017460              4044            4045            4046            4047
0017500              4048            4049            4050            4051
0017520              4052            4053            4054            4055
0017540              4056            4057            4058            4059
0017560              4060            4061            4062            4063
0017600              4064            4065            4066            4067
0017620              4068            4069            4070            4071
0017640              4072            4073            4074            4075
0017660              4076            4077            4078            4079
0017700              4080            4081            4082            4083
0017720              4084            4085            4086            4087
0017740              4088            4089            4090            4091
0017760              4092            4093            4094            4095
0020000
