0000000              8192            8193            8194            8195
0000020              8196            8197            8198            8199
0000040              8200            8201            8202            8203
0000060              8204            8205            8206            8207
0000100              8208            8209            8210            8211
0000120              8212            8213            8214            8215
0000140              8216            8217            8218            8219
0000160              8220            8221            8222            8223
0000200              8224            8225            8226            8227
0000220              8228            8229            8230            8231
0000240              8232            8233            8234            8235
0000260              8236            8237            8238            8239
0000300              8240            8241            8242            8243
0000320              8244            8245            8246            8247
0000340              8248            8249            8250            8251
0000360              8252            8253            8254            8255
0000400              8256            8257            8258            8259
0000420              8260            8261            8262            8263
0000440              8264            8265            8266            8267
0000460              8268            8269            8270            8271
0000500              8272            8273            8274            8275
0000520              8276            8277            8278            8279
0000540              8280            8281            8282            8283
0000560              8284            8285            8286            8287
0000600              8288            8289            8290            8291
0000620              8292            8293            8294            8295
0000640              8296            8297            8298            8299
0000660              8300            8301            8302            8303
0000700              8304            8305            8306            8307
0000720              8308            8309            8310            8311
0000740              8312            8313            8314            8315
0000760              8316            8317            8318            8319
0001000              8320            8321            8322            8323
0001020              8324            8325            8326            8327
0001040              8328            8329            8330            8331
0001060              8332            8333            8334            8335
0001100              8336            8337            8338            8339
0001120              8340            8341            8342            8343
0001140              8344            8345            8346            8347
0001160              8348            8349            8350            8351
0001200              8352            8353            8354            8355
0001220              8356            8357            8358            8359
0001240              8360            8361            8362            8363
0001260              8364            8365            8366            8367
0001300              8368            8369            8370            8371
0001320              8372            8373            8374            8375
0001340              8376            8377            8378            8379
0001360              8380            8381            8382            8383
0001400              8384            8385            8386            8387
0001420              8388            8389            8390            8391
0001440              8392            8393            8394            8395
0001460              8396            8397            8398            8399
0001500              8400            8401            8402            8403
0001520              8404            8405            8406            8407
0001540              8408            8409            8410            8411
0001560              8412            8413            8414            8415
0001600              8416            8417            8418            8419
0001620              8420            8421            8422            8423
0001640              8424            8425            8426            8427
0001660              8428            8429            8430            8431
0001700              8432            8433            8434            8435
0001720              8436            8437            8438            8439
0001740              8440            8441            8442            8443
0001760              8444            8445            8446            8447
0002000              8448            8449            8450            8451
0002020              8452            8453            8454            8455
0002040              8456            8457            8458            8459
0002060              8460            8461            8462            8463
0002100              8464            8465            8466            8467
0002120              8468            8469            8470            8471
0002140              8472            8473            8474            8475
0002160              8476            8477            8478            8479
0002200              8480            8481            8482            8483
0002220              8484            8485            8486            8487
0002240              8488            8489            8490            8491
0002260              8492            8493            8494            8495
0002300              8496            8497            8498            8499
0002320              8500            8501            8502            8503
0002340              8504            8505            8506            8507
0002360              8508            8509            8510            8511
0002400              8512            8513            8514            8515
0002420              8516            8517            8518            8519
0002440              8520            8521            8522            8523
0002460              8524            8525            8526            8527
0002500              8528            8529            8530            8531
0002520              8532            8533            8534            8535
0002540              8536            8537            8538            8539
0002560              8540            8541            8542            8543
0002600              8544            8545            8546            8547
0002620              8548            8549            8550            8551
0002640              8552            8553            8554            8555
0002660              8556            8557            8558            8559
0002700              8560            8561            8562            8563
0002720              8564            8565            8566            8567
0002740              8568            8569            8570            8571
0002760              8572            8573            8574            8575
0003000              8576            8577            8578            8579
0003020              8580            8581            8582            8583
0003040              8584            8585            8586            8587
0003060              8588            8589            8590            8591
0003100              8592            8593            8594            8595
0003120              8596            8597            8598            8599
0003140              8600            8601            8602            8603
0003160              8604            8605            8606            8607
0003200              8608            8609            8610            8611
0003220              8612            8613            8614            8615
0003240              8616            8617            8618            8619
0003260              8620            8621            8622            8623
0003300              8624            8625            8626            8627
0003320              8628            8629            8630            8631
0003340              8632            8633            8634            8635
0003360              8636            8637            8638            8639
0003400              8640            8641            8642            8643
0003420              8644            8645            8646            8647
0003440              8648            8649            8650            8651
0003460              8652            8653            8654            8655
0003500              8656            8657            8658            8659
0003520              8660            8661            8662            8663
0003540              8664            8665            8666            8667
0003560              8668            8669            8670            8671
0003600              8672            8673            8674            8675
0003620              8676            8677            8678            8679
0003640              8680            8681            8682            8683
0003660              8684            8685            8686            8687
0003700              8688            8689            8690            8691
0003720              8692            8693            8694            8695
0003740              8696            8697            8698            8699
0003760              8700            8701            8702            8703
0004000              8704            8705            8706            8707
0004020              8708            8709            8710            8711
0004040              8712            8713            8714            8715
0004060              8716            8717            8718            8719
0004100              8720            8721            8722            8723
0004120              8724            8725            8726            8727
0004140              8728            8729            8730            8731
0004160              8732            8733            8734            8735
0004200              8736            8737            8738            8739
0004220              8740            8741            8742            8743
0004240              8744            8745            8746            8747
0004260              8748            8749            8750            8751
0004300              8752            8753            8754            8755
0004320              8756            8757            8758            8759
0004340              8760            8761            8762            8763
0004360              8764            8765            8766            8767
0004400              8768            8769            8770            8771
0004420              8772            8773            8774            8775
0004440              8776            8777            8778            8779
0004460              8780            8781            8782            8783
0004500              8784            8785            8786            8787
0004520              8788            8789            8790            8791
0004540              8792            8793            8794            8795
0004560              8796            8797            8798            8799
0004600              8800            8801            8802            8803
0004620              8804            8805            8806            8807
0004640              8808            8809            8810            8811
0004660              8812            8813            8814            8815
0004700              8816            8817            8818            8819
0004720              8820            8821            8822            8823
0004740              8824            8825            8826            8827
0004760              8828            8829            8830            8831
0005000              8832            8833            8834            8835
0005020              8836            8837            8838            8839
0005040              8840            8841            8842            8843
0005060              8844            8845            8846            8847
0005100              8848            8849            8850            8851
0005120              8852            8853            8854            8855
0005140              8856            8857            8858            8859
0005160              8860            8861            8862            8863
0005200              8864            8865            8866            8867
0005220              8868            8869            8870            8871
0005240              8872            8873            8874            8875
0005260              8876            8877            8878            8879
0005300              8880            8881            8882            8883
0005320              8884            8885            8886            8887
0005340              8888            8889            8890            8891
0005360              8892            8893            8894            8895
0005400              8896            8897            8898            8899
0005420              8900            8901            8902            8903
0005440              8904            8905            8906            8907
0005460              8908            8909            8910            8911
0005500              8912            8913            8914            8915
0005520              8916            8917            8918            8919
0005540              8920            8921            8922            8923
0005560              8924            8925            8926            8927
0005600              8928            8929            8930            8931
0005620              8932            8933            8934            8935
0005640              8936            8937            8938            8939
0005660              8940            8941            8942            8943
0005700              8944            8945            8946            8947
0005720              8948            8949            8950            8951
0005740              8952            8953            8954            8955
0005760              8956            8957            8958            8959
0006000              8960            8961            8962            8963
0006020              8964            8965            8966            8967
0006040              8968            8969            8970            8971
0006060              8972            8973            8974            8975
0006100              8976            8977            8978            8979
0006120              8980            8981            8982            8983
0006140              8984            8985            8986            8987
0006160              8988            8989            8990            8991
0006200              8992            8993            8994            8995
0006220              8996            8997            8998            8999
0006240              9000            9001            9002            9003
0006260              9004            9005            9006            9007
0006300              9008            9009            9010            9011
0006320              9012            9013            9014            9015
0006340              9016            9017            9018            9019
0006360              9020            9021            9022            9023
0006400              9024            9025            9026            9027
0006420              9028            9029            9030            9031
0006440              9032            9033            9034            9035
0006460              9036            9037            9038            9039
0006500              9040            9041            9042            9043
0006520              9044            9045            9046            9047
0006540              9048            9049            9050            9051
0006560              9052            9053            9054            9055
0006600              9056            9057            9058            9059
0006620              9060            9061            9062            9063
0006640              9064            9065            9066            9067
0006660              9068            9069            9070            9071
0006700              9072            9073            9074            9075
0006720              9076            9077            9078            9079
0006740              9080            9081            9082            9083
0006760              9084            9085            9086            9087
0007000              9088            9089            9090            9091
0007020              9092            9093            9094            9095
0007040              9096            9097            9098            9099
0007060              9100            9101            9102            9103
0007100              9104            9105            9106            9107
0007120              9108            9109            9110            9111
0007140              9112            9113            9114            9115
0007160              9116            9117            9118            9119
0007200              9120            9121            9122            9123
0007220              9124            9125            9126            9127
0007240              9128            9129            9130            9131
0007260              9132            9133            9134            9135
0007300              9136            9137            9138            9139
0007320              9140            9141            9142            9143
0007340              9144            9145            9146            9147
0007360              9148            9149            9150            9151
0007400              9152            9153            9154            9155
0007420              9156            9157            9158            9159
0007440              9160            9161            9162            9163
0007460              9164            9165            9166            9167
0007500              9168            9169            9170            9171
0007520              9172            9173            9174            9175
0007540              9176            9177            9178            9179
0007560              9180            9181            9182            9183
0007600              9184            9185            9186            9187
0007620              9188            9189            9190            9191
0007640              9192            9193            9194            9195
0007660              9196            9197            9198            9199
0007700              9200            9201            9202            9203
0007720              9204            9205            9206            9207
0007740              9208            9209            9210            9211
0007760              9212            9213            9214            9215
0010000              9216            9217            9218            9219
0010020              9220            9221            9222            9223
0010040              9224            9225            9226            9227
0010060              9228            9229            9230            9231
0010100              9232            9233            9234            9235
0010120              9236            9237            9238            9239
0010140              9240            9241            9242            9243
0010160              9244            9245            9246            9247
0010200              9248            9249            9250            9251
0010220              9252            9253            9254            9255
0010240              9256            9257            9258            9259
0010260              9260            9261            9262            9263
0010300              9264            9265            9266            9267
0010320              9268            9269            9270            9271
0010340              9272            9273            9274            9275
0010360              9276            9277            9278            9279
0010400              9280            9281            9282            9283
0010420              9284            9285            9286            9287
0010440              9288            9289            9290            9291
0010460              9292            9293            9294            9295
0010500              9296            9297            9298            9299
0010520              9300            9301            9302            9303
0010540              9304            9305            9306            9307
0010560              9308            9309            9310            9311
0010600              9312            9313            9314            9315
0010620              9316            9317            9318            9319
0010640              9320            9321            9322            9323
0010660              9324            9325            9326            9327
0010700              9328            9329            9330            9331
0010720              9332            9333            9334            9335
0010740              9336            9337            9338            9339
0010760              9340            9341            9342            9343
0011000              9344            9345            9346            9347
0011020              9348            9349            9350            9351
0011040              9352            9353            9354            9355
0011060              9356            9357            9358            9359
0011100              9360            9361            9362            9363
0011120              9364            9365            9366            9367
0011140              9368            9369            9370            9371
0011160              9372            9373            9374            9375
0011200              9376            9377            9378            9379
0011220              9380            9381            9382            9383
0011240              9384            9385            9386            9387
0011260              9388            9389            9390            9391
0011300              9392            9393            9394            9395
0011320              9396            9397            9398            9399
0011340              9400            9401            9402            9403
0011360              9404            9405            9406            9407
0011400              9408            9409            9410            9411
0011420              9412            9413            9414            9415
0011440              9416            9417            9418            9419
0011460              9420            9421            9422            9423
0011500              9424            9425            9426            9427
0011520              9428            9429            9430            9431
0011540              9432            9433            9434            9435
0011560              9436            9437            9438            9439
0011600              9440            9441            9442            9443
0011620              9444            9445            9446            9447
0011640              9448            9449            9450            9451
0011660              9452            9453            9454            9455
0011700              9456            9457            9458            9459
0011720              9460            9461            9462            9463
0011740              9464            9465            9466            9467
0011760              9468            9469            9470            9471
0012000              9472            9473            9474            9475
0012020              9476            9477            9478            9479
0012040              9480            9481            9482            9483
0012060              9484            9485            9486            9487
0012100              9488            9489            9490            9491
0012120              9492            9493            9494            9495
0012140              9496            9497            9498            9499
0012160              9500            9501            9502            9503
0012200              9504            9505            9506            9507
0012220              9508            9509            9510            9511
0012240              9512            9513            9514            9515
0012260              9516            9517            9518            9519
0012300              9520            9521            9522            9523
0012320              9524            9525            9526            9527
0012340              9528            9529            9530            9531
0012360              9532            9533            9534            9535
0012400              9536            9537            9538            9539
0012420              9540            9541            9542            9543
0012440              9544            9545            9546            9547
0012460              9548            9549            9550            9551
0012500              9552            9553            9554            9555
0012520              9556            9557            9558            9559
0012540              9560            9561            9562            9563
0012560              9564            9565            9566            9567
0012600              9568            9569            9570            9571
0012620              9572            9573            9574            9575
0012640              9576            9577            9578            9579
0012660              9580            9581            9582            9583
0012700              9584            9585            9586            9587
0012720              9588            9589            9590            9591
0012740              9592            9593            9594            9595
0012760              9596            9597            9598            9599
0013000              9600            9601            9602            9603
0013020              9604            9605            9606            9607
0013040              9608            9609            9610            9611
0013060              9612            9613            9614            9615
0013100              9616            9617            9618            9619
0013120              9620            9621            9622            9623
0013140              9624            9625            9626            9627
0013160              9628            9629            9630            9631
0013200              9632            9633            9634            9635
0013220              9636            9637            9638            9639
0013240              9640            9641            9642            9643
0013260              9644            9645            9646            9647
0013300              9648            9649            9650            9651
0013320              9652            9653            9654            9655
0013340              9656            9657            9658            9659
0013360              9660            9661            9662            9663
0013400              9664            9665            9666            9667
0013420              9668            9669            9670            9671
0013440              9672            9673            9674            9675
0013460              9676            9677            9678            9679
0013500              9680            9681            9682            9683
0013520              9684            9685            9686            9687
0013540              9688            9689            9690            9691
0013560              9692            9693            9694            9695
0013600              9696            9697            9698            9699
0013620              9700            9701            9702            9703
0013640              9704            9705            9706            9707
0013660              9708            9709            9710            9711
0013700              9712            9713            9714            9715
0013720              9716            9717            9718            9719
0013740              9720            9721            9722            9723
0013760              9724            9725            9726            9727
0014000              9728            9729            9730            9731
0014020              9732            9733            9734            9735
0014040              9736            9737            9738            9739
0014060              9740            9741            9742            9743
0014100              9744            9745            9746            9747
0014120              9748            9749            9750            9751
0014140              9752            9753            9754            9755
0014160              9756            9757            9758            9759
0014200              9760            9761            9762            9763
0014220              9764            9765            9766            9767
0014240              9768            9769            9770            9771
0014260              9772            9773            9774            9775
0014300              9776            9777            9778            9779
0014320              9780            9781            9782            9783
0014340              9784            9785            9786            9787
0014360              9788            9789            9790            9791
0014400              9792            9793            9794            9795
0014420              9796            9797            9798            9799
0014440              9800            9801            9802            9803
0014460              9804            9805            9806            9807
0014500              9808            9809            9810            9811
0014520              9812            9813            9814            9815
0014540              9816            9817            9818            9819
0014560              9820            9821            9822            9823
0014600              9824            9825            9826            9827
0014620              9828            9829            9830            9831
0014640              9832            9833            9834            9835
0014660              9836            9837            9838            9839
0014700              9840            9841            9842            9843
0014720              9844            9845            9846            9847
0014740              9848            9849            9850            9851
0014760              9852            9853            9854            9855
0015000              9856            9857            9858            9859
0015020              9860            9861            9862            9863
0015040              9864            9865            9866            9867
0015060              9868            9869            9870            9871
0015100              9872            9873            9874            9875
0015120              9876            9877            9878            9879
0015140              9880            9881            9882            9883
0015160              9884            9885            9886            9887
0015200              9888            9889            9890            9891
0015220              9892            9893            9894            9895
0015240              9896            9897            9898            9899
0015260              9900            9901            9902            9903
0015300              9904            9905            9906            9907
0015320              9908            9909            9910            9911
0015340              9912            9913            9914            9915
0015360              9916            9917            9918            9919
0015400              9920            9921            9922            9923
0015420              9924            9925            9926            9927
0015440              9928            9929            9930            9931
0015460              9932            9933            9934            9935
0015500              9936            9937            9938            9939
0015520              9940            9941            9942            9943
0015540              9944            9945            9946            9947
0015560              9948            9949            9950            9951
0015600              9952            9953            9954            9955
0015620              9956            9957            9958            9959
0015640              9960            9961            9962            9963
0015660              9964            9965            9966            9967
0015700              9968            9969            9970            9971
0015720              9972            9973            9974            9975
0015740              9976            9977            9978            9979
0015760              9980            9981            9982            9983
0016000              9984            9985            9986            9987
0016020              9988            9989            9990            9991
0016040              9992            9993            9994            9995
0016060              9996            9997            9998            9999
0016100             10000           10001           10002           10003
0016120             10004           10005           10006           10007
0016140             10008           10009           10010           10011
0016160             10012           10013           10014           10015
0016200             10016           10017           10018           10019
0016220             10020           10021           10022           10023
0016240             10024           10025           10026           10027
0016260             10028           10029           10030           10031
0016300             10032           10033           10034           10035
0016320             10036           10037           10038           10039
0016340             10040           10041           10042           10043
0016360             10044           10045           10046           10047
0016400             10048           10049           10050           10051
0016420             10052           10053           10054           10055
0016440             10056           10057           10058           10059
0016460             10060           10061           10062           10063
0016500             10064           10065           10066           10067
0016520             10068           10069           10070           10071
0016540             10072           10073           10074           10075
0016560             10076           10077           10078           10079
0016600             10080           10081           10082           10083
0016620             10084           10085           10086           10087
0016640             10088           10089           10090           10091
0016660             10092           10093           10094           10095
0016700             10096           10097           10098           10099
0016720             10100           10101           10102           10103
0016740             10104           10105           10106           10107
0016760             10108           10109           10110           10111
0017000             10112           10113           10114           10115
0017020             10116           10117           10118           10119
0017040             10120           10121           10122           10123
0017060             10124           10125           10126           10127
0017100             10128           10129           10130           10131
0017120             10132           10133           10134           10135
0017140             10136           10137           10138           10139
0017160             10140           10141           10142           10143
0017200             10144           10145           10146           10147
0017220             10148           10149           10150           10151
0017240             10152           10153           10154           10155
0017260             10156           10157           10158           10159
0017300             10160           10161           10162           10163
0017320             10164           10165           10166           10167
0017340             10168           10169           10170           10171
0017360             10172           10173           10174           10175
0017400             10176           10177           10178           10179
0017420             10180           10181           10182           10183
0017440             10184           10185           10186           10187
0017460             10188           10189           10190           10191
0017500             10192           10193           10194           10195
0017520             10196           10197           10198           10199
0017540             10200           10201           10202           10203
0017560             10204           10205           10206           10207
0017600             10208           10209           10210           10211
0017620             10212           10213           10214           10215
0017640             10216           10217           10218           10219
0017660             10220           10221           10222           10223
0017700             10224           10225           10226           10227
0017720             10228           10229           10230           10231
0017740             10232           10233           10234           10235
0017760             10236           10237           10238           10239
0020000
