0000000                 0               1               2               3
0000020                 4               5               6               7
0000040                 8               9              10              11
0000060                12              13              14              15
0000100                16              17              18              19
0000120                20              21              22              23
0000140                24              25              26              27
0000160                28              29              30              31
0000200                32              33              34              35
0000220                36              37              38              39
0000240                40              41              42              43
0000260                44              45              46              47
0000300                48              49              50              51
0000320                52              53              54              55
0000340                56              57              58              59
0000360                60              61              62              63
0000400                64              65              66              67
0000420                68              69              70              71
0000440                72              73              74              75
0000460                76              77              78              79
0000500                80              81              82              83
0000520                84              85              86              87
0000540                88              89              90              91
0000560                92              93              94              95
0000600                96              97              98              99
0000620               100             101             102             103
0000640               104             105             106             107
0000660               108             109             110             111
0000700               112             113             114             115
0000720               116             117             118             119
0000740               120             121             122             123
0000760               124             125             126             127
0001000               128             129             130             131
0001020               132             133             134             135
0001040               136             137             138             139
0001060               140             141             142             143
0001100               144             145             146             147
0001120               148             149             150             151
0001140               152             153             154             155
0001160               156             157             158             159
0001200               160             161             162             163
0001220               164             165             166             167
0001240               168             169             170             171
0001260               172             173             174             175
0001300               176             177             178             179
0001320               180             181             182             183
0001340               184             185             186             187
0001360               188             189             190             191
0001400               192             193             194             195
0001420               196             197             198             199
0001440               200             201             202             203
0001460               204             205             206             207
0001500               208             209             210             211
0001520               212             213             214             215
0001540               216             217             218             219
0001560               220             221             222             223
0001600               224             225             226             227
0001620               228             229             230             231
0001640               232             233             234             235
0001660               236             237             238             239
0001700               240             241             242             243
0001720               244             245             246             247
0001740               248             249             250             251
0001760               252             253             254             255
0002000               256             257             258             259
0002020               260             261             262             263
0002040               264             265             266             267
0002060               268             269             270             271
0002100               272             273             274             275
0002120               276             277             278             279
0002140               280             281             282             283
0002160               284             285             286             287
0002200               288             289             290             291
0002220               292             293             294             295
0002240               296             297             298             299
0002260               300             301             302             303
0002300               304             305             306             307
0002320               308             309             310             311
0002340               312             313             314             315
0002360               316             317             318             319
0002400               320             321             322             323
0002420               324             325             326             327
0002440               328             329             330             331
0002460               332             333             334             335
0002500               336             337             338             339
0002520               340             341             342             343
0002540               344             345             346             347
0002560               348             349             350             351
0002600               352             353             354             355
0002620               356             357             358             359
0002640               360             361             362             363
0002660               364             365             366             367
0002700               368             369             370             371
0002720               372             373             374             375
0002740               376             377             378             379
0002760               380             381             382             383
0003000               384             385             386             387
0003020               388             389             390             391
0003040               392             393             394             395
0003060               396             397             398             399
0003100               400             401             402             403
0003120               404             405             406             407
0003140               408             409             410             411
0003160               412             413             414             415
0003200               416             417             418             419
0003220               420             421             422             423
0003240               424             425             426             427
0003260               428             429             430             431
0003300               432             433             434             435
0003320               436             437             438             439
0003340               440             441             442             443
0003360               444             445             446             447
0003400               448             449             450             451
0003420               452             453             454             455
0003440               456             457             458             459
0003460               460             461             462             463
0003500               464             465             466             467
0003520               468             469             470             471
0003540               472             473             474             475
0003560               476             477             478             479
0003600               480             481             482             483
0003620               484             485             486             487
0003640               488             489             490             491
0003660               492             493             494             495
0003700               496             497             498             499
0003720               500             501             502             503
0003740               504             505             506             507
0003760               508             509             510             511
0004000               512             513             514             515
0004020               516             517             518             519
0004040               520             521             522             523
0004060               524             525             526             527
0004100               528             529             530             531
0004120               532             533             534             535
0004140               536             537             538             539
0004160               540             541             542             543
0004200               544             545             546             547
0004220               548             549             550             551
0004240               552             553             554             555
0004260               556             557             558             559
0004300               560             561             562             563
0004320               564             565             566             567
0004340               568             569             570             571
0004360               572             573             574             575
0004400               576             577             578             579
0004420               580             581             582             583
0004440               584             585             586             587
0004460               588             589             590             591
0004500               592             593             594             595
0004520               596             597             598             599
0004540               600             601             602             603
0004560               604             605             606             607
0004600               608             609             610             611
0004620               612             613             614             615
0004640               616             617             618             619
0004660               620             621             622             623
0004700               624             625             626             627
0004720               628             629             630             631
0004740               632             633             634             635
0004760               636             637             638             639
0005000               640             641             642             643
0005020               644             645             646             647
0005040               648             649             650             651
0005060               652             653             654             655
0005100               656             657             658             659
0005120               660             661             662             663
0005140               664             665             666             667
0005160               668             669             670             671
0005200               672             673             674             675
0005220               676             677             678             679
0005240               680             681             682             683
0005260               684             685             686             687
0005300               688             689             690             691
0005320               692             693             694             695
0005340               696             697             698             699
0005360               700             701             702             703
0005400               704             705             706             707
0005420               708             709             710             711
0005440               712             713             714             715
0005460               716             717             718             719
0005500               720             721             722             723
0005520               724             725             726             727
0005540               728             729             730             731
0005560               732             733             734             735
0005600               736             737             738             739
0005620               740             741             742             743
0005640               744             745             746             747
0005660               748             749             750             751
0005700               752             753             754             755
0005720               756             757             758             759
0005740               760             761             762             763
0005760               764             765             766             767
0006000               768             769             770             771
0006020               772             773             774             775
0006040               776             777             778             779
0006060               780             781             782             783
0006100               784             785             786             787
0006120               788             789             790             791
0006140               792             793             794             795
0006160               796             797             798             799
0006200               800             801             802             803
0006220               804             805             806             807
0006240               808             809             810             811
0006260               812             813             814             815
0006300               816             817             818             819
0006320               820             821             822             823
0006340               824             825             826             827
0006360               828             829             830             831
0006400               832             833             834             835
0006420               836             837             838             839
0006440               840             841             842             843
0006460               844             845             846             847
0006500               848             849             850             851
0006520               852             853             854             855
0006540               856             857             858             859
0006560               860             861             862             863
0006600               864             865             866             867
0006620               868             869             870             871
0006640               872             873             874             875
0006660               876             877             878             879
0006700               880             881             882             883
0006720               884             885             886             887
0006740               888             889             890             891
0006760               892             893             894             895
0007000               896             897             898             899
0007020               900             901             902             903
0007040               904             905             906             907
0007060               908             909             910             911
0007100               912             913             914             915
0007120               916             917             918             919
0007140               920             921             922             923
0007160               924             925             926             927
0007200               928             929             930             931
0007220               932             933             934             935
0007240               936             937             938             939
0007260               940             941             942             943
0007300               944             945             946             947
0007320               948             949             950             951
0007340               952             953             954             955
0007360               956             957             958             959
0007400               960             961             962             963
0007420               964             965             966             967
0007440               968             969             970             971
0007460               972             973             974             975
0007500               976             977             978             979
0007520               980             981             982             983
0007540               984             985             986             987
0007560               988             989             990             991
0007600               992             993             994             995
0007620               996             997             998             999
0007640              1000            1001            1002            1003
0007660              1004            1005            1006            1007
0007700              1008            1009            1010            1011
0007720              1012            1013            1014            1015
0007740              1016            1017            1018            1019
0007760              1020            1021            1022            1023
0010000              1024            1025            1026            1027
0010020              1028            1029            1030            1031
0010040              1032            1033            1034            1035
0010060              1036            1037            1038            1039
0010100              1040            1041            1042            1043
0010120              1044            1045            1046            1047
0010140              1048            1049            1050            1051
0010160              1052            1053            1054            1055
0010200              1056            1057            1058            1059
0010220              1060            1061            1062            1063
0010240              1064            1065            1066            1067
0010260              1068            1069            1070            1071
0010300              1072            1073            1074            1075
0010320              1076            1077            1078            1079
0010340              1080            1081            1082            1083
0010360              1084            1085            1086            1087
0010400              1088            1089            1090            1091
0010420              1092            1093            1094            1095
0010440              1096            1097            1098            1099
0010460              1100            1101            1102            1103
0010500              1104            1105            1106            1107
0010520              1108            1109            1110            1111
0010540              1112            1113            1114            1115
0010560              1116            1117            1118            1119
0010600              1120            1121            1122            1123
0010620              1124            1125            1126            1127
0010640              1128            1129            1130            1131
0010660              1132            1133            1134            1135
0010700              1136            1137            1138            1139
0010720              1140            1141            1142            1143
0010740              1144            1145            1146            1147
0010760              1148            1149            1150            1151
0011000              1152            1153            1154            1155
0011020              1156            1157            1158            1159
0011040              1160            1161            1162            1163
0011060              1164            1165            1166            1167
0011100              1168            1169            1170            1171
0011120              1172            1173            1174            1175
0011140              1176            1177            1178            1179
0011160              1180            1181            1182            1183
0011200              1184            1185            1186            1187
0011220              1188            1189            1190            1191
0011240              1192            1193            1194            1195
0011260              1196            1197            1198            1199
0011300              1200            1201            1202            1203
0011320              1204            1205            1206            1207
0011340              1208            1209            1210            1211
0011360              1212            1213            1214            1215
0011400              1216            1217            1218            1219
0011420              1220            1221            1222            1223
0011440              1224            1225            1226            1227
0011460              1228            1229            1230            1231
0011500              1232            1233            1234            1235
0011520              1236            1237            1238            1239
0011540              1240            1241            1242            1243
0011560              1244            1245            1246            1247
0011600              1248            1249            1250            1251
0011620              1252            1253            1254            1255
0011640              1256            1257            1258            1259
0011660              1260            1261            1262            1263
0011700              1264            1265            1266            1267
0011720              1268            1269            1270            1271
0011740              1272            1273            1274            1275
0011760              1276            1277            1278            1279
0012000              1280            1281            1282            1283
0012020              1284            1285            1286            1287
0012040              1288            1289            1290            1291
0012060              1292            1293            1294            1295
0012100              1296            1297            1298            1299
0012120              1300            1301            1302            1303
0012140              1304            1305            1306            1307
0012160              1308            1309            1310            1311
0012200              1312            1313            1314            1315
0012220              1316            1317            1318            1319
0012240              1320            1321            1322            1323
0012260              1324            1325            1326            1327
0012300              1328            1329            1330            1331
0012320              1332            1333            1334            1335
0012340              1336            1337            1338            1339
0012360              1340            1341            1342            1343
0012400              1344            1345            1346            1347
0012420              1348            1349            1350            1351
0012440              1352            1353            1354            1355
0012460              1356            1357            1358            1359
0012500              1360            1361            1362            1363
0012520              1364            1365            1366            1367
0012540              1368            1369            1370            1371
0012560              1372            1373            1374            1375
0012600              1376            1377            1378            1379
0012620              1380            1381            1382            1383
0012640              1384            1385            1386            1387
0012660              1388            1389            1390            1391
0012700              1392            1393            1394            1395
0012720              1396            1397            1398            1399
0012740              1400            1401            1402            1403
0012760              1404            1405            1406            1407
0013000              1408            1409            1410            1411
0013020              1412            1413            1414            1415
0013040              1416            1417            1418            1419
0013060              1420            1421            1422            1423
0013100              1424            1425            1426            1427
0013120              1428            1429            1430            1431
0013140              1432            1433            1434            1435
0013160              1436            1437            1438            1439
0013200              1440            1441            1442            1443
0013220              1444            1445            1446            1447
0013240              1448            1449            1450            1451
0013260              1452            1453            1454            1455
0013300              1456            1457            1458            1459
0013320              1460            1461            1462            1463
0013340              1464            1465            1466            1467
0013360              1468            1469            1470            1471
0013400              1472            1473            1474            1475
0013420              1476            1477            1478            1479
0013440              1480            1481            1482            1483
0013460              1484            1485            1486            1487
0013500              1488            1489            1490            1491
0013520              1492            1493            1494            1495
0013540              1496            1497            1498            1499
0013560              1500            1501            1502            1503
0013600              1504            1505            1506            1507
0013620              1508            1509            1510            1511
0013640              1512            1513            1514            1515
0013660              1516            1517            1518            1519
0013700              1520            1521            1522            1523
0013720              1524            1525            1526            1527
0013740              1528            1529            1530            1531
0013760              1532            1533            1534            1535
0014000              1536            1537            1538            1539
0014020              1540            1541            1542            1543
0014040              1544            1545            1546            1547
0014060              1548            1549            1550            1551
0014100              1552            1553            1554            1555
0014120              1556            1557            1558            1559
0014140              1560            1561            1562            1563
0014160              1564            1565            1566            1567
0014200              1568            1569            1570            1571
0014220              1572            1573            1574            1575
0014240              1576            1577            1578            1579
0014260              1580            1581            1582            1583
0014300              1584            1585            1586            1587
0014320              1588            1589            1590            1591
0014340              1592            1593            1594            1595
0014360              1596            1597            1598            1599
0014400              1600            1601            1602            1603
0014420              1604            1605            1606            1607
0014440              1608            1609            1610            1611
0014460              1612            1613            1614            1615
0014500              1616            1617            1618            1619
0014520              1620            1621            1622            1623
0014540              1624            1625            1626            1627
0014560              1628            1629            1630            1631
0014600              1632            1633            1634            1635
0014620              1636            1637            1638            1639
0014640              1640            1641            1642            1643
0014660              1644            1645            1646            1647
0014700              1648            1649            1650            1651
0014720              1652            1653            1654            1655
0014740              1656            1657            1658            1659
0014760              1660            1661            1662            1663
0015000              1664            1665            1666            1667
0015020              1668            1669            1670            1671
0015040              1672            1673            1674            1675
0015060              1676            1677            1678            1679
0015100              1680            1681            1682            1683
0015120              1684            1685            1686            1687
0015140              1688            1689            1690            1691
0015160              1692            1693            1694            1695
0015200              1696            1697            1698            1699
0015220              1700            1701            1702            1703
0015240              1704            1705            1706            1707
0015260              1708            1709            1710            1711
0015300              1712            1713            1714            1715
0015320              1716            1717            1718            1719
0015340              1720            1721            1722            1723
0015360              1724            1725            1726            1727
0015400              1728            1729            1730            1731
0015420              1732            1733            1734            1735
0015440              1736            1737            1738            1739
0015460              1740            1741            1742            1743
0015500              1744            1745            1746            1747
0015520              1748            1749            1750            1751
0015540              1752            1753            1754            1755
0015560              1756            1757            1758            1759
0015600              1760            1761            1762            1763
0015620              1764            1765            1766            1767
0015640              1768            1769            1770            1771
0015660              1772            1773            1774            1775
0015700              1776            1777            1778            1779
0015720              1780            1781            1782            1783
0015740              1784            1785            1786            1787
0015760              1788            1789            1790            1791
0016000              1792            1793            1794            1795
0016020              1796            1797            1798            1799
0016040              1800            1801            1802            1803
0016060              1804            1805            1806            1807
0016100              1808            1809            1810            1811
0016120              1812            1813            1814            1815
0016140              1816            1817            1818            1819
0016160              1820            1821            1822            1823
0016200              1824            1825            1826            1827
0016220              1828            1829            1830            1831
0016240              1832            1833            1834            1835
0016260              1836            1837            1838            1839
0016300              1840            1841            1842            1843
0016320              1844            1845            1846            1847
0016340              1848            1849            1850            1851
0016360              1852            1853            1854            1855
0016400              1856            1857            1858            1859
0016420              1860            1861            1862            1863
0016440              1864            1865            1866            1867
0016460              1868            1869            1870            1871
0016500              1872            1873            1874            1875
0016520              1876            1877            1878            1879
0016540              1880            1881            1882            1883
0016560              1884            1885            1886            1887
0016600              1888            1889            1890            1891
0016620              1892            1893            1894            1895
0016640              1896            1897            1898            1899
0016660              1900            1901            1902            1903
0016700              1904            1905            1906            1907
0016720              1908            1909            1910            1911
0016740              1912            1913            1914            1915
0016760              1916            1917            1918            1919
0017000              1920            1921            1922            1923
0017020              1924            1925            1926            1927
0017040              1928            1929            1930            1931
0017060              1932            1933            1934            1935
0017100              1936            1937            1938            1939
0017120              1940            1941            1942            1943
0017140              1944            1945            1946            1947
0017160              1948            1949            1950            1951
0017200              1952            1953            1954            1955
0017220              1956            1957            1958            1959
0017240              1960            1961            1962            1963
0017260              1964            1965            1966            1967
0017300              1968            1969            1970            1971
0017320              1972            1973            1974            1975
0017340              1976            1977            1978            1979
0017360              1980            1981            1982            1983
0017400              1984            1985            1986            1987
0017420              1988            1989            1990            1991
0017440              1992            1993            1994            1995
0017460              1996            1997            1998            1999
0017500              2000            2001            2002            2003
0017520              2004            2005            2006            2007
0017540              2008            2009            2010            2011
0017560              2012            2013            2014            2015
0017600              2016            2017            2018            2019
0017620              2020            2021            2022            2023
0017640              2024            2025            2026            2027
0017660              2028            2029            2030            2031
0017700              2032            2033            2034            2035
0017720              2036            2037            2038            2039
0017740              2040            2041            2042            2043
0017760              2044            2045            2046            2047
0020000
