0000000             14336           14337           14338           14339
0000020             14340           14341           14342           14343
0000040             14344           14345           14346           14347
0000060             14348           14349           14350           14351
0000100             14352           14353           14354           14355
0000120             14356           14357           14358           14359
0000140             14360           14361           14362           14363
0000160             14364           14365           14366           14367
0000200             14368           14369           14370           14371
0000220             14372           14373           14374           14375
0000240             14376           14377           14378           14379
0000260             14380           14381           14382           14383
0000300             14384           14385           14386           14387
0000320             14388           14389           14390           14391
0000340             14392           14393           14394           14395
0000360             14396           14397           14398           14399
0000400             14400           14401           14402           14403
0000420             14404           14405           14406           14407
0000440             14408           14409           14410           14411
0000460             14412           14413           14414           14415
0000500             14416           14417           14418           14419
0000520             14420           14421           14422           14423
0000540             14424           14425           14426           14427
0000560             14428           14429           14430           14431
0000600             14432           14433           14434           14435
0000620             14436           14437           14438           14439
0000640             14440           14441           14442           14443
0000660             14444           14445           14446           14447
0000700             14448           14449           14450           14451
0000720             14452           14453           14454           14455
0000740             14456           14457           14458           14459
0000760             14460           14461           14462           14463
0001000             14464           14465           14466           14467
0001020             14468           14469           14470           14471
0001040             14472           14473           14474           14475
0001060             14476           14477           14478           14479
0001100             14480           14481           14482           14483
0001120             14484           14485           14486           14487
0001140             14488           14489           14490           14491
0001160             14492           14493           14494           14495
0001200             14496           14497           14498           14499
0001220             14500           14501           14502           14503
0001240             14504           14505           14506           14507
0001260             14508           14509           14510           14511
0001300             14512           14513           14514           14515
0001320             14516           14517           14518           14519
0001340             14520           14521           14522           14523
0001360             14524           14525           14526           14527
0001400             14528           14529           14530           14531
0001420             14532           14533           14534           14535
0001440             14536           14537           14538           14539
0001460             14540           14541           14542           14543
0001500             14544           14545           14546           14547
0001520             14548           14549           14550           14551
0001540             14552           14553           14554           14555
0001560             14556           14557           14558           14559
0001600             14560           14561           14562           14563
0001620             14564           14565           14566           14567
0001640             14568           14569           14570           14571
0001660             14572           14573           14574           14575
0001700             14576           14577           14578           14579
0001720             14580           14581           14582           14583
0001740             14584           14585           14586           14587
0001760             14588           14589           14590           14591
0002000             14592           14593           14594           14595
0002020             14596           14597           14598           14599
0002040             14600           14601           14602           14603
0002060             14604           14605           14606           14607
0002100             14608           14609           14610           14611
0002120             14612           14613           14614           14615
0002140             14616           14617           14618           14619
0002160             14620           14621           14622           14623
0002200             14624           14625           14626           14627
0002220             14628           14629           14630           14631
0002240             14632           14633           14634           14635
0002260             14636           14637           14638           14639
0002300             14640           14641           14642           14643
0002320             14644           14645           14646           14647
0002340             14648           14649           14650           14651
0002360             14652           14653           14654           14655
0002400             14656           14657           14658           14659
0002420             14660           14661           14662           14663
0002440             14664           14665           14666           14667
0002460             14668           14669           14670           14671
0002500             14672           14673           14674           14675
0002520             14676           14677           14678           14679
0002540             14680           14681           14682           14683
0002560             14684           14685           14686           14687
0002600             14688           14689           14690           14691
0002620             14692           14693           14694           14695
0002640             14696           14697           14698           14699
0002660             14700           14701           14702           14703
0002700             14704           14705           14706           14707
0002720             14708           14709           14710           14711
0002740             14712           14713           14714           14715
0002760             14716           14717           14718           14719
0003000             14720           14721           14722           14723
0003020             14724           14725           14726           14727
0003040             14728           14729           14730           14731
0003060             14732           14733           14734           14735
0003100             14736           14737           14738           14739
0003120             14740           14741           14742           14743
0003140             14744           14745           14746           14747
0003160             14748           14749           14750           14751
0003200             14752           14753           14754           14755
0003220             14756           14757           14758           14759
0003240             14760           14761           14762           14763
0003260             14764           14765           14766           14767
0003300             14768           14769           14770           14771
0003320             14772           14773           14774           14775
0003340             14776           14777           14778           14779
0003360             14780           14781           14782           14783
0003400             14784           14785           14786           14787
0003420             14788           14789           14790           14791
0003440             14792           14793           14794           14795
0003460             14796           14797           14798           14799
0003500             14800           14801           14802           14803
0003520             14804           14805           14806           14807
0003540             14808           14809           14810           14811
0003560             14812           14813           14814           14815
0003600             14816           14817           14818           14819
0003620             14820           14821           14822           14823
0003640             14824           14825           14826           14827
0003660             14828           14829           14830           14831
0003700             14832           14833           14834           14835
0003720             14836           14837           14838           14839
0003740             14840           14841           14842           14843
0003760             14844           14845           14846           14847
0004000             14848           14849           14850           14851
0004020             14852           14853           14854           14855
0004040             14856           14857           14858           14859
0004060             14860           14861           14862           14863
0004100             14864           14865           14866           14867
0004120             14868           14869           14870           14871
0004140             14872           14873           14874           14875
0004160             14876           14877           14878           14879
0004200             14880           14881           14882           14883
0004220             14884           14885           14886           14887
0004240             14888           14889           14890           14891
0004260             14892           14893           14894           14895
0004300             14896           14897           14898           14899
0004320             14900           14901           14902           14903
0004340             14904           14905           14906           14907
0004360             14908           14909           14910           14911
0004400             14912           14913           14914           14915
0004420             14916           14917           14918           14919
0004440             14920           14921           14922           14923
0004460             14924           14925           14926           14927
0004500             14928           14929           14930           14931
0004520             14932           14933           14934           14935
0004540             14936           14937           14938           14939
0004560             14940           14941           14942           14943
0004600             14944           14945           14946           14947
0004620             14948           14949           14950           14951
0004640             14952           14953           14954           14955
0004660             14956           14957           14958           14959
0004700             14960           14961           14962           14963
0004720             14964           14965           14966           14967
0004740             14968           14969           14970           14971
0004760             14972           14973           14974           14975
0005000             14976           14977           14978           14979
0005020             14980           14981           14982           14983
0005040             14984           14985           14986           14987
0005060             14988           14989           14990           14991
0005100             14992           14993           14994           14995
0005120             14996           14997           14998           14999
0005140             15000           15001           15002           15003
0005160             15004           15005           15006           15007
0005200             15008           15009           15010           15011
0005220             15012           15013           15014           15015
0005240             15016           15017           15018           15019
0005260             15020           15021           15022           15023
0005300             15024           15025           15026           15027
0005320             15028           15029           15030           15031
0005340             15032           15033           15034           15035
0005360             15036           15037           15038           15039
0005400             15040           15041           15042           15043
0005420             15044           15045           15046           15047
0005440             15048           15049           15050           15051
0005460             15052           15053           15054           15055
0005500             15056           15057           15058           15059
0005520             15060           15061           15062           15063
0005540             15064           15065           15066           15067
0005560             15068           15069           15070           15071
0005600             15072           15073           15074           15075
0005620             15076           15077           15078           15079
0005640             15080           15081           15082           15083
0005660             15084           15085           15086           15087
0005700             15088           15089           15090           15091
0005720             15092           15093           15094           15095
0005740             15096           15097           15098           15099
0005760             15100           15101           15102           15103
0006000             15104           15105           15106           15107
0006020             15108           15109           15110           15111
0006040             15112           15113           15114           15115
0006060             15116           15117           15118           15119
0006100             15120           15121           15122           15123
0006120             15124           15125           15126           15127
0006140             15128           15129           15130           15131
0006160             15132           15133           15134           15135
0006200             15136           15137           15138           15139
0006220             15140           15141           15142           15143
0006240             15144           15145           15146           15147
0006260             15148           15149           15150           15151
0006300             15152           15153           15154           15155
0006320             15156           15157           15158           15159
0006340             15160           15161           15162           15163
0006360             15164           15165           15166           15167
0006400             15168           15169           15170           15171
0006420             15172           15173           15174           15175
0006440             15176           15177           15178           15179
0006460             15180           15181           15182           15183
0006500             15184           15185           15186           15187
0006520             15188           15189           15190           15191
0006540             15192           15193           15194           15195
0006560             15196           15197           15198           15199
0006600             15200           15201           15202           15203
0006620             15204           15205           15206           15207
0006640             15208           15209           15210           15211
0006660             15212           15213           15214           15215
0006700             15216           15217           15218           15219
0006720             15220           15221           15222           15223
0006740             15224           15225           15226           15227
0006760             15228           15229           15230           15231
0007000             15232           15233           15234           15235
0007020             15236           15237           15238           15239
0007040             15240           15241           15242           15243
0007060             15244           15245           15246           15247
0007100             15248           15249           15250           15251
0007120             15252           15253           15254           15255
0007140             15256           15257           15258           15259
0007160             15260           15261           15262           15263
0007200             15264           15265           15266           15267
0007220             15268           15269           15270           15271
0007240             15272           15273           15274           15275
0007260             15276           15277           15278           15279
0007300             15280           15281           15282           15283
0007320             15284           15285           15286           15287
0007340             15288           15289           15290           15291
0007360             15292           15293           15294           15295
0007400             15296           15297           15298           15299
0007420             15300           15301           15302           15303
0007440             15304           15305           15306           15307
0007460             15308           15309           15310           15311
0007500             15312           15313           15314           15315
0007520             15316           15317           15318           15319
0007540             15320           15321           15322           15323
0007560             15324           15325           15326           15327
0007600             15328           15329           15330           15331
0007620             15332           15333           15334           15335
0007640             15336           15337           15338           15339
0007660             15340           15341           15342           15343
0007700             15344           15345           15346           15347
0007720             15348           15349           15350           15351
0007740             15352           15353           15354           15355
0007760             15356           15357           15358           15359
0010000             15360           15361           15362           15363
0010020             15364           15365           15366           15367
0010040             15368           15369           15370           15371
0010060             15372           15373           15374           15375
0010100             15376           15377           15378           15379
0010120             15380           15381           15382           15383
0010140             15384           15385           15386           15387
0010160             15388           15389           15390           15391
0010200             15392           15393           15394           15395
0010220             15396           15397           15398           15399
0010240             15400           15401           15402           15403
0010260             15404           15405           15406           15407
0010300             15408           15409           15410           15411
0010320             15412           15413           15414           15415
0010340             15416           15417           15418           15419
0010360             15420           15421           15422           15423
0010400             15424           15425           15426           15427
0010420             15428           15429           15430           15431
0010440             15432           15433           15434           15435
0010460             15436           15437           15438           15439
0010500             15440           15441           15442           15443
0010520             15444           15445           15446           15447
0010540             15448           15449           15450           15451
0010560             15452           15453           15454           15455
0010600             15456           15457           15458           15459
0010620             15460           15461           15462           15463
0010640             15464           15465           15466           15467
0010660             15468           15469           15470           15471
0010700             15472           15473           15474           15475
0010720             15476           15477           15478           15479
0010740             15480           15481           15482           15483
0010760             15484           15485           15486           15487
0011000             15488           15489           15490           15491
0011020             15492           15493           15494           15495
0011040             15496           15497           15498           15499
0011060             15500           15501           15502           15503
0011100             15504           15505           15506           15507
0011120             15508           15509           15510           15511
0011140             15512           15513           15514           15515
0011160             15516           15517           15518           15519
0011200             15520           15521           15522           15523
0011220             15524           15525           15526           15527
0011240             15528           15529           15530           15531
0011260             15532           15533           15534           15535
0011300             15536           15537           15538           15539
0011320             15540           15541           15542           15543
0011340             15544           15545           15546           15547
0011360             15548           15549           15550           15551
0011400             15552           15553           15554           15555
0011420             15556           15557           15558           15559
0011440             15560           15561           15562           15563
0011460             15564           15565           15566           15567
0011500             15568           15569           15570           15571
0011520             15572           15573           15574           15575
0011540             15576           15577           15578           15579
0011560             15580           15581           15582           15583
0011600             15584           15585           15586           15587
0011620             15588           15589           15590           15591
0011640             15592           15593           15594           15595
0011660             15596           15597           15598           15599
0011700             15600           15601           15602           15603
0011720             15604           15605           15606           15607
0011740             15608           15609           15610           15611
0011760             15612           15613           15614           15615
0012000             15616           15617           15618           15619
0012020             15620           15621           15622           15623
0012040             15624           15625           15626           15627
0012060             15628           15629           15630           15631
0012100             15632           15633           15634           15635
0012120             15636           15637           15638           15639
0012140             15640           15641           15642           15643
0012160             15644           15645           15646           15647
0012200             15648           15649           15650           15651
0012220             15652           15653           15654           15655
0012240             15656           15657           15658           15659
0012260             15660           15661           15662           15663
0012300             15664           15665           15666           15667
0012320             15668           15669           15670           15671
0012340             15672           15673           15674           15675
0012360             15676           15677           15678           15679
0012400             15680           15681           15682           15683
0012420             15684           15685           15686           15687
0012440             15688           15689           15690           15691
0012460             15692           15693           15694           15695
0012500             15696           15697           15698           15699
0012520             15700           15701           15702           15703
0012540             15704           15705           15706           15707
0012560             15708           15709           15710           15711
0012600             15712           15713           15714           15715
0012620             15716           15717           15718           15719
0012640             15720           15721           15722           15723
0012660             15724           15725           15726           15727
0012700             15728           15729           15730           15731
0012720             15732           15733           15734           15735
0012740             15736           15737           15738           15739
0012760             15740           15741           15742           15743
0013000             15744           15745           15746           15747
0013020             15748           15749           15750           15751
0013040             15752           15753           15754           15755
0013060             15756           15757           15758           15759
0013100             15760           15761           15762           15763
0013120             15764           15765           15766           15767
0013140             15768           15769           15770           15771
0013160             15772           15773           15774           15775
0013200             15776           15777           15778           15779
0013220             15780           15781           15782           15783
0013240             15784           15785           15786           15787
0013260             15788           15789           15790           15791
0013300             15792           15793           15794           15795
0013320             15796           15797           15798           15799
0013340             15800           15801           15802           15803
0013360             15804           15805           15806           15807
0013400             15808           15809           15810           15811
0013420             15812           15813           15814           15815
0013440             15816           15817           15818           15819
0013460             15820           15821           15822           15823
0013500             15824           15825           15826           15827
0013520             15828           15829           15830           15831
0013540             15832           15833           15834           15835
0013560             15836           15837           15838           15839
0013600             15840           15841           15842           15843
0013620             15844           15845           15846           15847
0013640             15848           15849           15850           15851
0013660             15852           15853           15854           15855
0013700             15856           15857           15858           15859
0013720             15860           15861           15862           15863
0013740             15864           15865           15866           15867
0013760             15868           15869           15870           15871
0014000             15872           15873           15874           15875
0014020             15876           15877           15878           15879
0014040             15880           15881           15882           15883
0014060             15884           15885           15886           15887
0014100             15888           15889           15890           15891
0014120             15892           15893           15894           15895
0014140             15896           15897           15898           15899
0014160             15900           15901           15902           15903
0014200             15904           15905           15906           15907
0014220             15908           15909           15910           15911
0014240             15912           15913           15914           15915
0014260             15916           15917           15918           15919
0014300             15920           15921           15922           15923
0014320             15924           15925           15926           15927
0014340             15928           15929           15930           15931
0014360             15932           15933           15934           15935
0014400             15936           15937           15938           15939
0014420             15940           15941           15942           15943
0014440             15944           15945           15946           15947
0014460             15948           15949           15950           15951
0014500             15952           15953           15954           15955
0014520             15956           15957           15958           15959
0014540             15960           15961           15962           15963
0014560             15964           15965           15966           15967
0014600             15968           15969           15970           15971
0014620             15972           15973           15974           15975
0014640             15976           15977           15978           15979
0014660             15980           15981           15982           15983
0014700             15984           15985           15986           15987
0014720             15988           15989           15990           15991
0014740             15992           15993           15994           15995
0014760             15996           15997           15998           15999
0015000             16000           16001           16002           16003
0015020             16004           16005           16006           16007
0015040             16008           16009           16010           16011
0015060             16012           16013           16014           16015
0015100             16016           16017           16018           16019
0015120             16020           16021           16022           16023
0015140             16024           16025           16026           16027
0015160             16028           16029           16030           16031
0015200             16032           16033           16034           16035
0015220             16036           16037           16038           16039
0015240             16040           16041           16042           16043
0015260             16044           16045           16046           16047
0015300             16048           16049           16050           16051
0015320             16052           16053           16054           16055
0015340             16056           16057           16058           16059
0015360             16060           16061           16062           16063
0015400             16064           16065           16066           16067
0015420             16068           16069           16070           16071
0015440             16072           16073           16074           16075
0015460             16076           16077           16078           16079
0015500             16080           16081           16082           16083
0015520             16084           16085           16086           16087
0015540             16088           16089           16090           16091
0015560             16092           16093           16094           16095
0015600             16096           16097           16098           16099
0015620             16100           16101           16102           16103
0015640             16104           16105           16106           16107
0015660             16108           16109           16110           16111
0015700             16112           16113           16114           16115
0015720             16116           16117           16118           16119
0015740             16120           16121           16122           16123
0015760             16124           16125           16126           16127
0016000             16128           16129           16130           16131
0016020             16132           16133           16134           16135
0016040             16136           16137           16138           16139
0016060             16140           16141           16142           16143
0016100             16144           16145           16146           16147
0016120             16148           16149           16150           16151
0016140             16152           16153           16154           16155
0016160             16156           16157           16158           16159
0016200             16160           16161           16162           16163
0016220             16164           16165           16166           16167
0016240             16168           16169           16170           16171
0016260             16172           16173           16174           16175
0016300             16176           16177           16178           16179
0016320             16180           16181           16182           16183
0016340             16184           16185           16186           16187
0016360             16188           16189           16190           16191
0016400             16192           16193           16194           16195
0016420             16196           16197           16198           16199
0016440             16200           16201           16202           16203
0016460             16204           16205           16206           16207
0016500             16208           16209           16210           16211
0016520             16212           16213           16214           16215
0016540             16216           16217           16218           16219
0016560             16220           16221           16222           16223
0016600             16224           16225           16226           16227
0016620             16228           16229           16230           16231
0016640             16232           16233           16234           16235
0016660             16236           16237           16238           16239
0016700             16240           16241           16242           16243
0016720             16244           16245           16246           16247
0016740             16248           16249           16250           16251
0016760             16252           16253           16254           16255
0017000             16256           16257           16258           16259
0017020             16260           16261           16262           16263
0017040             16264           16265           16266           16267
0017060             16268           16269           16270           16271
0017100             16272           16273           16274           16275
0017120             16276           16277           16278           16279
0017140             16280           16281           16282           16283
0017160             16284           16285           16286           16287
0017200             16288           16289           16290           16291
0017220             16292           16293           16294           16295
0017240             16296           16297           16298           16299
0017260             16300           16301           16302           16303
0017300             16304           16305           16306           16307
0017320             16308           16309           16310           16311
0017340             16312           16313           16314           16315
0017360             16316           16317           16318           16319
0017400             16320           16321           16322           16323
0017420             16324           16325           16326           16327
0017440             16328           16329           16330           16331
0017460             16332           16333           16334           16335
0017500             16336           16337           16338           16339
0017520             16340           16341           16342           16343
0017540             16344           16345           16346           16347
0017560             16348           16349           16350           16351
0017600             16352           16353           16354           16355
0017620             16356           16357           16358           16359
0017640             16360           16361           16362           16363
0017660             16364           16365           16366           16367
0017700             16368           16369           16370           16371
0017720             16372           16373           16374           16375
0017740             16376           16377           16378           16379
0017760             16380           16381           16382           16383
0020000
